400
-1 1 -1 20 
0 2 -1 21 
1 3 -1 22 
2 4 -1 23 
3 5 -1 24 
4 6 -1 25 
5 -1 -1 26 
-1 8 -1 -1 
7 9 -1 -1 
8 -1 -1 29 
-1 11 -1 30 
10 12 -1 31 
11 13 -1 32 
12 14 -1 33 
13 15 -1 34 
14 16 -1 35 
15 17 -1 36 
16 18 -1 37 
17 -1 -1 -1 
-1 -1 -1 39 
-1 -1 0 40 
-1 22 1 41 
21 23 2 42 
22 -1 3 -1 
-1 25 4 44 
24 26 5 45 
25 -1 6 46 
-1 28 -1 47 
27 29 -1 48 
28 30 9 -1 
29 31 10 50 
30 32 11 51 
31 33 12 52 
32 34 13 -1 
33 35 14 54 
34 36 15 55 
35 37 16 56 
36 38 17 57 
37 -1 -1 58 
-1 -1 19 59 
-1 41 20 -1 
40 42 21 61 
41 43 22 62 
42 44 -1 -1 
43 45 24 64 
44 46 25 65 
45 47 26 -1 
46 48 27 67 
47 49 28 68 
48 50 -1 69 
49 51 30 70 
50 52 31 71 
51 53 32 72 
52 54 -1 73 
53 55 34 74 
54 -1 35 75 
-1 57 36 76 
56 -1 37 77 
-1 59 38 78 
58 -1 39 79 
-1 61 -1 80 
60 62 41 81 
61 63 42 -1 
62 64 -1 -1 
63 65 44 84 
64 66 45 85 
65 67 -1 86 
66 68 47 87 
67 69 48 88 
68 70 49 89 
69 71 50 -1 
70 -1 51 91 
-1 -1 52 92 
-1 -1 53 93 
-1 75 54 94 
74 76 55 95 
75 77 56 -1 
76 78 57 97 
77 79 58 98 
78 -1 59 99 
-1 81 60 100 
80 82 61 101 
81 83 -1 -1 
82 84 -1 -1 
83 85 64 -1 
84 86 65 -1 
85 87 66 106 
86 88 67 107 
87 89 68 108 
88 90 69 109 
89 91 -1 110 
90 92 71 -1 
91 93 72 112 
92 94 73 113 
93 -1 74 114 
-1 96 75 115 
95 97 -1 -1 
96 -1 77 117 
-1 -1 78 -1 
-1 -1 79 119 
-1 101 80 120 
100 102 81 121 
101 103 -1 122 
102 104 -1 123 
103 105 -1 124 
104 -1 -1 125 
-1 107 86 126 
106 108 87 127 
107 109 88 -1 
108 -1 89 129 
-1 111 90 -1 
110 112 -1 131 
111 113 92 132 
112 114 93 -1 
113 -1 94 134 
-1 116 95 135 
115 -1 -1 -1 
-1 118 97 137 
117 119 -1 138 
118 -1 99 139 
-1 121 100 140 
120 -1 101 -1 
-1 -1 102 -1 
-1 124 103 143 
123 125 104 144 
124 -1 105 145 
-1 127 106 146 
126 128 107 147 
127 129 -1 148 
128 130 109 149 
129 -1 -1 -1 
-1 -1 111 151 
-1 133 112 152 
132 -1 -1 153 
-1 135 114 154 
134 136 115 155 
135 137 -1 156 
136 138 117 157 
137 -1 118 158 
-1 -1 119 159 
-1 141 120 160 
140 142 -1 161 
141 143 -1 162 
142 144 123 163 
143 -1 124 164 
-1 146 125 165 
145 147 126 166 
146 148 127 167 
147 -1 128 168 
-1 150 129 169 
149 151 -1 -1 
150 152 131 171 
151 -1 132 172 
-1 -1 133 173 
-1 -1 134 -1 
-1 156 135 175 
155 157 136 -1 
156 158 137 177 
157 -1 138 178 
-1 -1 139 179 
-1 161 140 180 
160 162 141 -1 
161 163 142 182 
162 164 143 183 
163 -1 144 -1 
-1 166 145 185 
165 167 146 186 
166 168 147 -1 
167 169 148 -1 
168 170 149 189 
169 171 -1 190 
170 172 151 191 
171 173 152 192 
172 174 153 193 
173 -1 -1 194 
-1 176 155 195 
175 -1 -1 196 
-1 178 157 197 
177 179 158 198 
178 -1 159 199 
-1 181 160 200 
180 182 -1 201 
181 183 162 -1 
182 -1 163 203 
-1 -1 -1 204 
-1 186 165 -1 
185 187 166 206 
186 188 -1 207 
187 189 -1 208 
188 190 169 209 
189 191 170 -1 
190 192 171 211 
191 -1 172 212 
-1 194 173 213 
193 195 174 -1 
194 196 175 215 
195 197 176 -1 
196 198 177 217 
197 199 178 218 
198 -1 179 219 
-1 201 180 -1 
200 -1 181 221 
-1 203 -1 222 
202 204 183 223 
203 205 184 224 
204 -1 -1 225 
-1 207 186 226 
206 208 187 227 
207 -1 188 228 
-1 210 189 229 
209 211 -1 230 
210 212 191 -1 
211 -1 192 232 
-1 214 193 233 
213 215 -1 234 
214 216 195 235 
215 217 -1 236 
216 218 197 237 
217 219 198 238 
218 -1 199 239 
-1 -1 -1 240 
-1 -1 201 -1 
-1 223 202 242 
222 224 203 -1 
223 -1 204 -1 
-1 226 205 245 
225 227 206 246 
226 228 207 247 
227 229 208 248 
228 230 209 249 
229 -1 210 -1 
-1 232 -1 251 
231 -1 212 252 
-1 234 213 253 
233 235 214 -1 
234 236 215 255 
235 237 216 256 
236 238 217 -1 
237 239 218 258 
238 -1 219 259 
-1 241 220 -1 
240 -1 -1 261 
-1 243 222 262 
242 244 -1 263 
243 245 -1 264 
244 -1 225 265 
-1 247 226 -1 
246 248 227 267 
247 249 228 268 
248 250 229 -1 
249 251 -1 270 
250 252 231 271 
251 -1 232 272 
-1 254 233 273 
253 255 -1 274 
254 -1 235 275 
-1 257 236 276 
256 258 -1 277 
257 259 238 278 
258 -1 239 279 
-1 261 -1 280 
260 262 241 281 
261 263 242 282 
262 -1 243 283 
-1 265 244 284 
264 -1 245 285 
-1 267 -1 286 
266 268 247 287 
267 269 248 288 
268 270 -1 -1 
269 -1 250 -1 
-1 272 251 291 
271 -1 252 -1 
-1 274 253 293 
273 -1 254 294 
-1 276 255 -1 
275 277 256 296 
276 278 257 297 
277 279 258 298 
278 -1 259 299 
-1 281 260 300 
280 282 261 301 
281 283 262 302 
282 -1 263 303 
-1 285 264 -1 
284 286 265 305 
285 287 266 306 
286 288 267 307 
287 289 268 308 
288 -1 -1 309 
-1 -1 -1 -1 
-1 292 271 311 
291 -1 -1 312 
-1 294 273 313 
293 295 274 314 
294 296 -1 315 
295 297 276 316 
296 -1 277 317 
-1 299 278 318 
298 -1 279 319 
-1 301 280 -1 
300 302 281 321 
301 303 282 322 
302 304 283 323 
303 305 -1 324 
304 306 285 325 
305 307 286 326 
306 308 287 327 
307 309 288 328 
308 310 289 329 
309 311 -1 330 
310 312 291 331 
311 313 292 -1 
312 314 293 333 
313 315 294 334 
314 316 295 335 
315 317 296 336 
316 318 297 337 
317 319 298 -1 
318 -1 299 339 
-1 -1 -1 340 
-1 322 301 -1 
321 323 302 342 
322 324 303 343 
323 325 304 -1 
324 326 305 345 
325 -1 306 346 
-1 328 307 -1 
327 -1 308 348 
-1 330 309 349 
329 331 310 350 
330 332 311 351 
331 333 -1 352 
332 334 313 353 
333 335 314 354 
334 -1 315 355 
-1 337 316 356 
336 338 317 357 
337 339 -1 358 
338 -1 319 359 
-1 341 320 360 
340 342 -1 361 
341 343 322 362 
342 -1 323 363 
-1 345 -1 364 
344 346 325 365 
345 347 326 366 
346 348 -1 -1 
347 349 328 -1 
348 350 329 369 
349 351 330 370 
350 352 331 -1 
351 353 332 372 
352 354 333 373 
353 355 334 374 
354 356 335 375 
355 -1 336 376 
-1 358 337 377 
357 -1 338 378 
-1 -1 339 -1 
-1 361 340 -1 
360 362 341 381 
361 -1 342 382 
-1 364 343 383 
363 -1 344 384 
-1 366 345 -1 
365 -1 346 386 
-1 368 -1 387 
367 369 -1 -1 
368 370 349 389 
369 371 350 -1 
370 372 -1 -1 
371 373 352 392 
372 374 353 -1 
373 375 354 -1 
374 -1 355 -1 
-1 377 356 396 
376 378 357 397 
377 379 358 398 
378 -1 -1 399 
-1 381 -1 -1 
380 382 361 -1 
381 383 362 -1 
382 384 363 -1 
383 385 364 -1 
384 386 -1 -1 
385 387 366 -1 
386 -1 367 -1 
-1 -1 -1 -1 
-1 390 369 -1 
389 391 -1 -1 
390 -1 -1 -1 
-1 393 372 -1 
392 394 -1 -1 
393 395 -1 -1 
394 396 -1 -1 
395 397 376 -1 
396 398 377 -1 
397 399 378 -1 
398 -1 379 -1 
