400
-1 1 -1 20 
0 2 -1 21 
1 -1 -1 22 
-1 4 -1 23 
3 5 -1 -1 
4 6 -1 25 
5 7 -1 26 
6 -1 -1 27 
-1 9 -1 28 
8 10 -1 29 
9 11 -1 30 
10 12 -1 31 
11 13 -1 32 
12 14 -1 33 
13 15 -1 -1 
14 16 -1 35 
15 -1 -1 36 
-1 18 -1 37 
17 19 -1 38 
18 -1 -1 39 
-1 21 0 -1 
20 22 1 41 
21 -1 2 42 
-1 24 3 -1 
23 25 -1 44 
24 26 5 45 
25 27 6 46 
26 -1 7 47 
-1 29 8 48 
28 30 9 49 
29 31 10 50 
30 32 11 51 
31 33 12 52 
32 34 13 53 
33 35 -1 54 
34 36 15 55 
35 37 16 -1 
36 38 17 57 
37 39 18 58 
38 -1 19 59 
-1 41 -1 60 
40 42 21 61 
41 43 22 62 
42 44 -1 -1 
43 45 24 64 
44 46 25 65 
45 47 26 66 
46 48 27 -1 
47 49 28 -1 
48 50 29 69 
49 51 30 70 
50 52 31 71 
51 53 32 -1 
52 54 33 73 
53 55 34 74 
54 56 35 75 
55 57 -1 76 
56 58 37 77 
57 59 38 78 
58 -1 39 79 
-1 61 40 80 
60 62 41 81 
61 63 42 82 
62 64 -1 83 
63 65 44 84 
64 66 45 85 
65 -1 46 86 
-1 68 -1 -1 
67 69 -1 88 
68 70 49 89 
69 -1 50 90 
-1 -1 51 91 
-1 73 -1 92 
72 -1 53 -1 
-1 75 54 94 
74 76 55 -1 
75 77 56 96 
76 -1 57 97 
-1 79 58 98 
78 -1 59 99 
-1 81 60 100 
80 82 61 101 
81 83 62 102 
82 84 63 103 
83 85 64 104 
84 86 65 105 
85 87 66 106 
86 88 -1 107 
87 89 68 -1 
88 90 69 109 
89 91 70 -1 
90 92 71 111 
91 -1 72 112 
-1 94 -1 -1 
93 95 74 114 
94 96 -1 115 
95 97 76 116 
96 98 77 -1 
97 99 78 118 
98 -1 79 -1 
-1 101 80 -1 
100 -1 81 121 
-1 103 82 122 
102 104 83 123 
103 105 84 124 
104 -1 85 -1 
-1 107 86 126 
106 108 87 127 
107 109 -1 128 
108 110 89 129 
109 111 -1 130 
110 -1 91 131 
-1 113 92 132 
112 114 -1 133 
113 115 94 134 
114 116 95 135 
115 117 96 136 
116 -1 -1 137 
-1 119 98 138 
118 -1 -1 139 
-1 121 -1 140 
120 122 101 -1 
121 123 102 142 
122 124 103 143 
123 125 104 144 
124 126 -1 145 
125 127 106 146 
126 128 107 147 
127 -1 108 148 
-1 -1 109 149 
-1 131 110 150 
130 132 111 151 
131 133 112 152 
132 -1 113 153 
-1 135 114 154 
134 136 115 155 
135 137 116 156 
136 138 117 157 
137 139 118 158 
138 -1 119 -1 
-1 141 120 160 
140 -1 -1 161 
-1 143 122 162 
142 144 123 -1 
143 145 124 164 
144 146 125 165 
145 147 126 166 
146 148 127 167 
147 149 128 -1 
148 -1 129 169 
-1 151 130 170 
150 -1 131 171 
-1 153 132 172 
152 154 133 173 
153 155 134 174 
154 156 135 175 
155 157 136 176 
156 158 137 177 
157 159 138 -1 
158 -1 -1 179 
-1 161 140 -1 
160 162 141 181 
161 163 142 182 
162 164 -1 183 
163 165 144 184 
164 166 145 185 
165 -1 146 -1 
-1 168 147 -1 
167 169 -1 188 
168 170 149 -1 
169 171 150 190 
170 -1 151 191 
-1 173 152 192 
172 174 153 193 
173 175 154 194 
174 176 155 -1 
175 177 156 -1 
176 178 157 197 
177 179 -1 198 
178 -1 159 199 
-1 181 -1 200 
180 -1 161 201 
-1 183 162 202 
182 184 163 203 
183 185 164 204 
184 186 165 205 
185 187 -1 206 
186 188 -1 207 
187 189 168 208 
188 190 -1 209 
189 -1 170 210 
-1 192 171 211 
191 193 172 212 
192 194 173 -1 
193 195 174 214 
194 196 -1 215 
195 197 -1 216 
196 198 177 217 
197 199 178 218 
198 -1 179 219 
-1 201 180 -1 
200 202 181 221 
201 203 182 222 
202 204 183 223 
203 205 184 224 
204 206 185 225 
205 207 186 226 
206 208 187 227 
207 209 188 -1 
208 210 189 -1 
209 211 190 230 
210 212 191 231 
211 213 192 -1 
212 214 -1 233 
213 215 194 -1 
214 216 195 235 
215 217 196 236 
216 218 197 237 
217 219 198 238 
218 -1 199 239 
-1 221 -1 -1 
220 222 201 241 
221 223 202 242 
222 224 203 243 
223 225 204 244 
224 226 205 245 
225 227 206 246 
226 228 207 247 
227 229 -1 248 
228 230 -1 249 
229 -1 210 250 
-1 232 211 -1 
231 233 -1 252 
232 -1 213 253 
-1 235 -1 254 
234 236 215 255 
235 237 216 256 
236 238 217 257 
237 239 218 258 
238 -1 219 259 
-1 241 -1 260 
240 242 221 261 
241 243 222 262 
242 244 223 263 
243 -1 224 264 
-1 246 225 265 
245 -1 226 266 
-1 248 227 267 
247 -1 228 268 
-1 250 229 269 
249 -1 230 270 
-1 252 -1 271 
251 253 232 272 
252 254 233 273 
253 255 234 274 
254 256 235 275 
255 257 236 276 
256 258 237 277 
257 -1 238 -1 
-1 -1 239 279 
-1 261 240 -1 
260 262 241 281 
261 263 242 282 
262 264 243 283 
263 265 244 -1 
264 266 245 285 
265 -1 246 286 
-1 268 247 287 
267 269 248 288 
268 270 249 289 
269 -1 250 290 
-1 272 251 291 
271 273 252 292 
272 274 253 -1 
273 -1 254 294 
-1 -1 255 295 
-1 -1 256 296 
-1 -1 257 297 
-1 -1 -1 298 
-1 -1 259 299 
-1 -1 -1 300 
-1 282 261 301 
281 283 262 302 
282 284 263 303 
283 285 -1 304 
284 -1 265 305 
-1 287 266 306 
286 288 267 307 
287 289 268 -1 
288 290 269 309 
289 -1 270 310 
-1 292 271 311 
291 293 272 312 
292 -1 -1 313 
-1 295 274 -1 
294 296 275 315 
295 297 276 -1 
296 298 277 317 
297 299 278 318 
298 -1 279 319 
-1 301 280 320 
300 302 281 -1 
301 -1 282 322 
-1 304 283 323 
303 305 284 324 
304 306 285 325 
305 307 286 326 
306 308 287 -1 
307 -1 -1 -1 
-1 310 289 -1 
309 -1 290 330 
-1 312 291 331 
311 -1 292 332 
-1 -1 293 -1 
-1 315 -1 334 
314 316 295 335 
315 -1 -1 -1 
-1 318 297 337 
317 319 298 338 
318 -1 299 -1 
-1 -1 300 340 
-1 322 -1 341 
321 323 302 342 
322 324 303 343 
323 325 304 344 
324 326 305 345 
325 327 306 346 
326 328 -1 347 
327 329 -1 348 
328 -1 -1 349 
-1 -1 310 350 
-1 332 311 351 
331 333 312 352 
332 334 -1 -1 
333 335 314 354 
334 336 315 355 
335 337 -1 356 
336 338 317 357 
337 339 318 358 
338 -1 -1 359 
-1 341 320 360 
340 -1 321 -1 
-1 -1 322 -1 
-1 344 323 -1 
343 345 324 364 
344 -1 325 -1 
-1 347 326 366 
346 348 327 -1 
347 349 328 368 
348 350 329 369 
349 -1 330 370 
-1 352 331 371 
351 353 332 372 
352 354 -1 373 
353 355 334 374 
354 356 335 375 
355 357 336 -1 
356 -1 337 -1 
-1 359 338 378 
358 -1 339 -1 
-1 361 340 380 
360 362 -1 381 
361 363 -1 382 
362 364 -1 383 
363 -1 344 384 
-1 366 -1 385 
365 367 346 386 
366 -1 -1 387 
-1 369 348 388 
368 370 349 389 
369 371 350 390 
370 372 351 391 
371 373 352 392 
372 374 353 393 
373 375 354 394 
374 376 355 395 
375 377 -1 -1 
376 378 -1 397 
377 379 358 398 
378 -1 -1 399 
-1 381 360 -1 
380 382 361 -1 
381 383 362 -1 
382 384 363 -1 
383 385 364 -1 
384 386 365 -1 
385 387 366 -1 
386 -1 367 -1 
-1 389 368 -1 
388 390 369 -1 
389 391 370 -1 
390 392 371 -1 
391 393 372 -1 
392 394 373 -1 
393 395 374 -1 
394 396 375 -1 
395 397 -1 -1 
396 398 377 -1 
397 -1 378 -1 
-1 -1 379 -1 
